ABC (2^$a-1)*10^len(2^($a-1)-1) + 2^($a-1) - 1
92
131
148
250
251
427
530
568
572
611
628
706
766
950
967
968
1066
1084
1130
1204
1250
1328
1487
1808
1924
2242
2302
2320
2366
2380
2482
2483
2719
2822
2899
2959
3058
3079
3083
3100
3680
3976
4255
4538
4654
4658
4714
4796
4856
5011
5015
5135
5152
5230
5431
5615
5710
5791
6088
6371
6388
6392
6611
6826
6890
6908
6946
7067
7088
7243
7307
7384
7423
7504
7547
7568
7586
7607
7787
7822
8002
8023
8080
8126
8419
8603
8663
8818
8882
8942
9079
9140
9199
9242
9595
9655
9736
9775
9856
9899
9920
9934
10195
10259
10376
10492
10736
10891
10895
10972
10990
11036
11156
11251
11272
11290
11332
11435
11492
11830
11887
12127
12131
12170
12272
12290
12388
12410
12491
12547
12607
12608
12611
12667
12710
12770
12787
12826
12848
12904
13024
13127
13208
13324
13363
13388
13547
13642
13900
13963
14243
14578
14582
14642
14822
14903
14942
15079
15080
15239
15299
15316
15560
15634
15758
15818
15835
15895
16054
16075
16118
16136
16174
16178
16252
16294
16372
16436
16496
16612
16616
16672
16711
16870
16891
16912
16916
16955
16976
17195
17251
17312
17350
17432
17488
17591
17707
17767
18007
18286
18350
18368
18466
18607
18646
18728
18947
19063
19106
19162
19204
19243
19264
19384
19402
19586
20239
20380
20402
20419
20423
20462
20500
20539
20642
20698
20719
20720
20723
20899
20999
21175
21200
21278
21359
21574
21578
21616
21638
21659
21736
21775
21896
21938
22135
22175
22256
22432
22531
22690
22732
22750
22792
22891
22930
22951
23050
23131
23192
23248
23290
23350
23548
23630
23792
23951
24067
24290
24350
24427
24544
24827
24848
24866
24926
25024
25183
25264
25363
25483
25703
25900
26059
26278
26359
26363
26419
26440
26539
26540
26578
26719
26758
26779
26818
26956
27076
27080
27098
27115
27239
27278
27355
27376
27599
27776
28171
28196
28256
28295
28372
28436
28450
28651
28792
29110
29231
29686
29746
29767
29947
29990
30308
30350
30406
30428
30488
30544
30703
30763
30823
30827
31046
31102
31162
31346
31523
31583
31702
31802
31900
31943
32063
32200
32282
32398
32596
32699
32758
32819
32840
32875
32900
32935
32995
33158
33179
33218
33338
33394
33398
33458
33655
33656
33715
34016
34330
34355
34591
34630
34651
34711
34870
34892
35012
35230
35252
35270
35312
35330
35411
35506
35548
35647
35870
35986
36008
36050
36124
36166
36184
36226
36343
36523
36548
36728
36802
36806
36862
36943
37046
37102
37166
37346
37519
37579
37600
37720
37742
37840
37883
37939
38059
38179
38300
38398
38416
38698
38780
38858
38900
39016
39034
39076
39080
39119
39214
39256
39274
39416
39454
39518
39532
39536
39634
39652
39832
39995
40012
40192
40252
40351
40355
40372
40432
40471
40510
40535
40592
40630
40750
40888
40931
40987
41008
41210
41227
41372
41570
41608
41711
41767
41828
42064
42386
42403
42506
42583
42742
42784
42823
42827
42922
43102
43106
43162
43166
43180
43240
43282
43342
43540
43579
43600
43720
43763
43862
43960
43978
44158
44278
44282
44420
44575
44815
44819
44840
44875
44879
44995
45059
45094
45119
45179
45416
45532
45574
45575
45634
45656
45691
45695
45811
45970
46012
46030
46150
46231
46471
46472
46652
46807
46867
46910
47132
47167
47231
47291
47648
47707
47807
47866
47927
48128
48146
48163
48167
48248
48283
48403
48428
48583
49000
49360
49403
49463
49579
49600
49720
49862
50059
50158
50279
50300
50335
50395
50399
50438
50459
50476
50515
50734
50738
50794
50956
51214
51338
51356
51511
51515
51536
51656
51716
51790
51811
51896
51931
52012
52132
52171
52231
52592
52850
52927
52991
53167
53566
53630
53644
53764
53987
54008
54266
54322
54442
54506
54700
54863
55159
55258
55420
55459
55502
55583
55640
55678
55876
55936
56000
56099
56258
56296
56356
56416
56455
56536
56558
56618
56678
56755
56759
56798
56815
56858
56876
57056
57095
57334
57391
57395
57455
57635
57695
57850
57931
57935
58030
58055
58112
58171
58172
58210
58270
58408
58550
58648
58712
58772
58867
59026
59287
59288
59326
59348
59468
59627
59828
59923
59944
60022
60146
60244
60322
60446
60502
60623
60743
60799
60820
60962
61039
61082
61138
61198
61202
61262
61343
61459
61463
61562
61618
61622
61640
61700
61918
62039
62116
62159
62275
62296
62300
62519
62575
62738
62875
63035
63391
63536
63571
63790
63871
64210
64490
64550
64588
64627
64666
64790
64970
65206
65210
65266
65344
65606
65824
65828
65902
65966
66086
66223
66520
66580
66640
66799
66962
66979
67082
67099
67219
67378
67580
67756
67760
67798
67940
68099
68180
68194
68254
68438
68678
68696
68734
68794
68795
68914
68936
69031
69091
69176
69250
69331
69451
69631
69691
69811
69910
69932
69992
70052
70228
70232
70408
70472
70546
70666
70687
70751
70927
71030
71683
71764
72163
72202
72323
72439
72619
72623
72640
72958
72983
73159
73163
73220
73279
73322
73340
73400
73499
73520
73718
73760
73838
74000
74018
74194
74198
74258
74275
74434
74438
74455
74516
74572
74636
74752
74795
74816
75112
75155
75275
75632
75670
75752
76246
76348
76468
76628
76966
77168
77246
77284
77306
77348
77404
77666
77722
77726
77786
77842
78022
78043
78142
78280
78383
78439
78443
78602
78902
79040
79198
79219
79220
79262
79276
79379
79435
79438
79498
79675
79718
79739
79915
79936
79975
80134
80336
80435
80438
80494
80752
80795
80851
80915
81151
81190
81211
81310
81332
81370
81890
81967
82052
82066
82391
82447
82567
82606
82684
82688
82730
82786
82846
82984
83048
83083
83168
83387
83426
83524
83546
83726
83800
83842
83902
84100
84160
84422
84499
84538
84739
84743
84958
85018
85082
85142
85220
85258
85379
85396
85439
85555
85580
85658
85675
85739
85954
86074
86194
86216
86254
86332
86336
86374
86392
86494
86516
86555
86692
86696
86756
86872
86876
86911
87035
87190
87212
87271
87448
87572
87710
87812
87872
87928
87992
88006
88151
88186
88190
88271
88426
88448
88486
88550
88568
88610
88886
88907
89027
89066
89246
89306
89486
89542
89666
89726
90079
90139
90160
90259
90263
90358
90598
90898
90916
91040
91135
91156
91160
91216
91259
91280
91534
91594
91796
91855
91894
92134
92272
92336
92752
92791
92950
93031
93091
93152
93311
93388
93427
93430
93491
93508
93688
93752
93851
93907
93946
93950
93971
94147
94268
94388
94564
94667
94748
94787
94804
94886
95023
95122
95306
95426
95486
95546
95782
95959
95963
96062
96118
96182
96259
96302
96443
96740
96839
96856
96959
97040
97075
97096
97100
97216
97220
97276
97280
97319
97375
97456
97516
97658
97855
98015
98032
98131
98191
98251
98276
98371
98392
98470
98551
98735
98770
99032
99130
99131
99190
99247
99268
99307
99328
99332
99470
99710
99731
99787
100087
100130
100186
100306
100366
100526
100787
100903
101302
101362
101366
101560
101899
101903
101920
102040
102122
102160
102199
102242
102380
102478
102482
102500
102560
102676
102680
102778
102860
103100
103135
103315
103478
103495
103556
103672
103714
103718
103778
103834
103955
103972
104152
104156
104195
104216
104272
104555
104612
104890
104891
104912
104972
105230
105611
105650
105766
105890
105964
105967
106010
106367
106448
106504
106642
106646
106744
106822
106907
106942
107066
107122
107182
107663
107680
107719
107783
107920
108023
108140
108380
108419
108659
108680
108856
108874
108878
108938
108994
109054
109234
109294
109298
109414
109556
109594
109598
109711
109715
109736
109831
109852
110011
110110
110290
110350
110371
110375
110432
110491
110552
110590
110710
110951
111410
111448
111470
111830
111904
112007
112028
112123
112187
112328
112487
112522
112607
112624
112663
112783
113242
113342
113582
113599
113620
113638
113882
114080
114118
114182
114238
114440
114496
114500
114539
114659
114715
115075
115076
115139
115256
115316
115676
115711
115715
115732
115771
115792
115796
115891
115930
116032
116110
116135
116191
116255
116350
116428
116491
116530
116531
116650
116968
117032
117251
117487
117668
118028
118084
118088
118144
118208
118526
118883
118960
119059
119183
119462
119479
119518
119539
119603
119702
119719
119818
119822
120316
120320
120338
120458
120560
120634
120659
120698
120715
120796
120814
120934
121175
121432
121471
121475
121676
121715
121852
121912
122032
122071
122191
122312
122428
122531
122608
122771
122788
122827
122852
122926
123166
123170
123247
123346
123410
123488
123986
124046
124162
124183
124286
124367
124466
124646
124939
124999
125020
125059
125162
125479
125500
125518
125599
125660
125720
125762
125776
125878
125960
126136
126295
126514
126518
126535
126599
126698
126716
126874
126895
126934
126998
127016
127054
127055
127192
127556
127616
127672
127732
127831
127891
128011
128072
128128
128170
128192
128290
128308
128492
128510
128608
128728
128750
128806
128831
128866
129007
129046
129050
129067
129368
129527
129647
129686
129964
129968
129986
130024
130282
130583
130819
130823
130862
130978
130982
131020
131098
131179
131200
131260
131419
131423
131479
131578
131819
131960
132140
132154
132316
132595
132596
132772
133312
133351
133432
133552
133771
133772
133810
133870
134008
134072
134110
134111
134170
134248
134252
134407
134531
134608
134612
134746
134810
134926
134930
135007
135050
135067
135068
135110
135128
135248
135286
135304
135308
135406
135527
135548
135664
135742
135844
135862
136007
136067
136106
136303
136660
136703
136840
136858
136939
137080
137098
137102
137299
137300
137342
137398
137579
137600
137716
137776
137956
137974
137995
138094
138140
138158
138179
138454
138592
138716
138815
138896
139171
139196
139291
139351
139355
139630
139768
139991
140012
140150
140227
140407
140411
140450
140506
140531
140548
140651
140686
140771
140866
140870
140926
141050
141287
141326
141446
141523
141664
141802
142046
142063
142102
142163
142180
142342
142343
142360
142459
142519
142622
142660
142699
142738
142802
142819
142883
142900
143059
143222
143416
143420
143458
143476
143480
143515
143540
143596
143600
143840
143914
144016
144154
144158
144214
144412
144514
144515
144575
144592
144634
144695
144754
144995
145115
145171
145192
145235
145291
145312
145351
145450
145471
145630
145691
145832
145870
146008
146012
146132
146192
146248
146308
146326
146390
146467
146686
146704
146750
146867
146986
146987
147008
147103
147364
147527
147544
147622
147664
147703
147763
147866
147982
148120
148262
148343
148403
148819
149038
149102
149455
149515
149536
149558
149575
149579
149596
149660
149738
149780
149819
149854
150038
150055
150098
150115
150176
150334
150515
150635
150652
150776
150811
150896
150970
151090
151111
151270
151790
151966
151987
152150
152171
152206
152248
152291
152326
152330
152390
152411
152587
152764
152866
153086
153167
153266
153322
153343
153682
154099
154103
154120
154159
154219
154339
154378
154438
154442
154562
154600
154760
154802
154879
154880
155038
155039
155056
155155
155218
155378
155399
155515
155600
155635
155695
155734
155798
156052
156055
156155
156275
156395
156455
156536
156755
156892
156931
157090
157228
157231
157331
157468
157592
157627
157670
157708
157987
158266
158390
158446
158506
158588
158768
158803
158884
159008
159082
159142
159262
159266
159326
159580
159743
159802
159979
160099
160103
160262
160360
160480
160579
160799
160859
160918
160975
161056
161258
161300
161318
161399
161434
161579
161596
161699
161872
162151
162292
162331
162391
162536
162575
162695
162730
162871
163048
163348
163391
163408
163412
163627
163786
163888
163931
164146
164167
164227
164330
164404
164507
164563
164807
164884
164906
164927
165082
165103
165163
165262
165326
165382
165443
165580
165863
165902
165940
165962
165979
166039
166043
166198
166459
166679
166696
166798
166858
166915
167056
167134
167275
167279
167395
167516
167576
167635
167755
167854
167936
167992
168034
168035
168095
168151
168176
168232
168331
168356
168451
168511
168532
168695
168790
168928
168988
168992
169091
169210
169267
169507
169528
169546
169808
169867
169868
169927
169987
170108
170147
170224
170323
170507
170764
170906
170944
170962
171323
171383
171503
171559
171602
171683
171782
171820
171880
172018
172103
172159
172160
172202
172258
172279
172559
172619
172760
172778
172799
172816
172979
173219
173336
173438
173456
173498
173614
173735
173795
173971
174116
174176
174190
174236
174310
174391
174571
174670
174692
174748
175027
175070
175087
175147
175151
175271
175348
175730
175747
175786
175846
175906
176146
176288
176327
176366
176482
176563
176764
176842
176846
176906
177142
177322
177379
177400
177422
177439
177619
177683
177919
177983
178100
178322
178555
178696
178718
178735
178756
178880
178898
179018
179035
179134
179138
179155
179215
179258
179498
179512
179674
179975
180052
180211
180250
180275
180292
180335
180391
180512
180550
180731
180850
180971
180992
181087
181130
181490
181688
181748
181804
181847
181924
182023
182083
182224
182228
182344
182348
182507
182666
183040
183203
183242
183263
183323
183418
183598
183640
183718
183838
183898
183902
183920
184040
184138
184216
184336
184396
184456
184640
184675
184714
184735
185095
185396
185495
185555
185576
185830
185872
185932
186010
186031
186052
186095
186215
186250
186431
186452
186607
186610
186710
186731
186770
186907
186946
187027
187207
187211
187250
187331
187568
187624
187670
187726
187748
187808
187903
187984
188087
188224
188263
188327
188482
188546
189160
189220
189422
189658
189680
189718
189800
190018
190040
190156
190220
190435
190594
190654
190675
190679
190855
190975
191018
191036
191138
191212
191336
191375
191551
191590
191632
191675
191770
191911
192211
192512
192611
192650
192731
192748
193031
193108
193130
193186
193327
193663
193684
193804
193864
193886
193907
193946
194044
194083
194306
194603
194606
194779
194782
195100
195139
195383
195443
195499
195620
195796
195800
195920
195955
196118
196199
196336
196474
196478
196516
196559
196676
196774
196855
196856
196916
196954
197015
197131
197191
197276
197396
197551
197611
197710
197752
197851
198190
198250
198371
198491
198868
198911
198928
198967
199526
199822
199942
200122
200306
200323
200599
200602
200662
200663
200779
200839
200959
201178
201199
201263
201418
201560
201620
201680
202054
202058
202079
202100
202174
202216
202255
202672
202736
202778
202796
202835
202852
203032
203255
203276
203311
203470
203495
203950
204028
204191
204290
204427
204466
204512
204671
204748
204950
204968
205088
205186
205204
205246
205307
205324
205427
205508
205646
205787
206122
206126
206200
206242
206620
206818
206963
207040
207140
207143
207182
207199
207260
207419
207479
207598
207719
207899
208015
208040
208135
208174
208315
208358
208375
208376
208492
208538
208552
208672
208831
208834
208891
209032
209131
209191
209272
209332
209371
209375
209788
209792
209951
210311
210350
210470
210508
210526
210788
210830
210886
211006
211028
211066
211208
211402
211444
211706
211942
212063
212066
212126
212140
212182
212200
212363
212479
212543
212818
212839
212998
213182
213199
213298
213415
213595
213659
213740
213796
213839
213874
213955
214075
214139
214174
214294
214315
214376
214534
214535
214591
214595
214672
215135
215170
215251
215492
215827
215951
216032
216106
216152
216307
216328
216388
216548
216646
216668
216724
216947
217063
217144
217148
217183
217187
217204
217282
217324
217342
217346
217762
217826
217883
217946
218062
218123
218282
218342
218380
218423
218462
218578
218642
218719
218762
218780
218818
218839
218878
218899
218942
218956
219020
219119
219179
219235
219260
219398
219415
219475
219479
219535
219539
219775
219878
219955
220015
220132
220136
220195
220196
220316
220372
220414
220475
220496
220531
220595
220672
220852
220990
221488
221531
221552
221587
221650
221707
221926
221930
221947
222131
222166
222350
222368
222548
222904
223042
223483
223703
223720
224243
224260
224278
224320
224359
224642
224659
224960
225016
225055
225059
225235
225419
225436
225475
225634
225638
225698
225775
226076
226312
226351
226372
226531
226556
226616
226672
226715
226732
226750
227110
227527
227552
227587
227746
227750
227806
228128
228170
228247
228308
228488
228668
229042
229423
229483
229523
229583
229720
229939
230239
230243
230260
230278
230303
230363
230458
230642
230660
230759
230818
230879
230935
230960
230978
231080
231239
231274
231316
231334
231355
231415
231518
231595
231634
231776
232136
232312
232496
232570
232651
232750
232771
232832
233008
233068
233230
233368
233428
233668
233707
233767
233870
233951
234050
234424
234523
234544
234707
234724
234742
234827
234943
235003
235226
235420
235522
235643
235660
235780
235858
235960
236003
236299
236416
236419
236476
236518
236600
236660
236716
236759
236840
236896
236900
236960
237080
237094
237175
237218
237235
237398
237535
237652
237655
237694
237772
237896
238016
238055
238132
238175
238291
238492
238531
238591
238750
238828
238871
238990
239012
239050
239107
239192
239210
239287
239347
239450
239488
239866
239947
240004
240008
240106
240184
240286
240304
240326
240488
240544
240583
240604
240668
240724
240823
240844
241222
241343
242020
242042
242098
242356
242459
242578
242635
242914
243034
243059
243175
243235
243278
243475
243635
243712
243754
244051
244192
244330
244531
244588
244750
244751
244927
244931
244970
245252
245270
245287
245291
245347
245407
245506
245588
245987
246064
246103
246382
246428
246506
246742
246802
246806
246883
247459
247600
247660
247763
247780
247918
248119
248279
248300
248339
248416
248575
248755
248776
248836
248875
248974
249016
249034
249115
249154
249214
249295
249335
249338
249394
249395
249596
249772
249776
249815
249875
250471
250510
250571
250712
250867
250888
251072
251111
251291
251408
251527
251690
251746
251948
252043
252107
252142
252283
252304
252424
252682
252862
252880
253039
253099
253223
253300
253562
253643
253763
253880
253978
254099
254116
254159
254180
254335
254360
254476
254536
254635
254695
254875
254995
255052
255056
255232
255275
255334
255412
255472
255532
255536
255592
255776
255832
255892
255931
255952
256210
256468
256532
256571
256648
256691
256790
256867
256910
256970
257150
257210
257588
257648
257764
257828
257944
258008
258142
258163
258223
258227
258502
258820
258880
259103
259120
259142
259360
259399
259420
259523
259699
259700
259918
259978
260038
260039
260219
260356
260438
260455
260459
260558
260618
260678
260734
260756
260794
260914
261035
261172
261232
261352
261395
261412
261472
261575
261592
261691
261712
261772
262030
262112
262151
262232
262447
262532
262631
262712
262850
262910
262931
263048
263086
263206
263228
263266
263387
263390
263464
263524
263708
263867
263927
264022
264142
264146
264163
264167
264266
264442
264463
264859
264958
265022
265576
265580
265640
265738
265739
265855
266060
266078
266138
266515
266554
266618
266674
266798
266936
266975
267031
267116
267232
267310
267532
267931
268048
268091
268151
268228
268288
268292
268327
268370
268486
268571
268648
268871
268970
268987
268988
269288
269348
269468
269486
269623
269708
269764
269824
269962
270022
270386
270503
270700
270859
270962
271078
271103
271202
271339
271382
271456
271460
271576
271580
271678
271778
271816
271820
271876
272039
272194
272258
272399
272455
272752
272872
273056
273116
273310
273490
273632
274031
274288
274352
274550
274687
275104
275147
275228
275246
275267
275323
275383
275464
275486
275588
275602
275606
275764
275782
275824
275863
276100
276323
276340
276379
276542
276580
276778
276803
276880
277078
277142
277456
277558
277679
277778
277799
277975
277979
278018
278035
278095
278099
278254
278275
278395
278555
278692
278696
278734
278791
279031
279091
279310
279331
279512
279572
279851
279907
280027
280031
280147
280168
280246
280327
280391
280468
280490
280627
280628
280744
281048
281126
281168
281362
281662
281803
281966
282082
282139
282263
282280
282302
282319
282362
282400
282499
282559
282580
282640
282700
282799
282842
282920
283036
283099
283139
283315
283340
283460
283538
283559
283580
283640
283739
283799
283979
284018
284035
284216
284258
284272
284332
284692
284696
284830
284872
284890
285211
285388
285610
285670
285967
286151
286186
286207
286211
286306
286366
286391
286508
286748
286924
287023
287108
287224
287302
287486
287542
287546
287602
287662
287666
287683
288019
288139
288203
288503
288718
288856
288920
289096
289238
289358
289375
289396
289418
289696
289834
289915
289916
290036
290216
290255
290392
290431
290650
290696
290735
290791
290830
290851
290950
291272
291590
291667
291812
292006
292066
292148
292306
292328
292430
292486
292490
292568
292723
292744
292868
292988
293306
293327
293602
293860
293920
294002
294263
294280
294298
294482
294499
294619
294662
294739
294779
294839
294916
294958
295139
295216
295298
295439
295559
295598
295915
295916
295954
296036
296134
296156
296191
296212
296315
296431
296452
296710
297028
297250
297452
297590
297650
297890
297911
297968
298006
298031
298066
298088
298147
298190
298246
298268
298310
298384
298444
298547
298667
298723
298744
298826
298882
298946
298984
299186
299323
299423
299486
299560
299663
299740
299762
299800
299938
300298
300362
300379
300482
300542
300676
300895
300899
300976
301075
301096
301234
301259
301396
301538
301714
301778
301894
301976
302036
302131
302156
302216
302336
302396
302555
302615
302731
302791
302851
302950
302972
303088
303130
303187
303268
303307
303371
303392
303508
303547
303646
304070
304126
304186
304264
304328
304466
304487
304547
304586
304684
304727
304882
305002
305306
305362
305543
305582
305659
305719
305723
306040
306079
306122
306140
306358
306362
306379
306380
306496
306616
306658
306719
306998
307019
307079
307255
307375
307418
307595
307732
307916
307955
308011
308071
308156
308195
308311
308350
308470
308491
308495
308611
308731
308771
308950
309050
309067
309071
309212
309427
309466
309568
309668
309706
309908
310148
310264
310307
310388
310564
310607
310684
311002
311066
311126
311363
311402
311659
311719
311843
311938
312019
312080
312238
312496
312620
312676
312715
312719
312754
312955
313096
313174
313298
313316
313414
313492
313594
313891
314032
314212
314255
314491
314548
314711
314788
314870
314887
314891
315028
315166
315170
315230
315286
315290
315371
315388
315548
315590
315724
315770
315844
315947
316006
316264
316307
316363
316444
316462
316702
316783
316900
317003
317119
317140
317222
317239
317260
317303
317599
317620
317719
317758
317783
317899
317960
318016
318080
318122
318179
318196
318238
318239
318260
318500
318560
318620
318634
318638
318659
319114
319174
319294
319295
319355
319591
319771
319856
319870
319955
320092
320131
320308
320368
320428
320612
320668
320728
320767
320891
320926
321226
321350
321367
321427
321488
321547
321707
321844
322028
322102
322127
322162
322346
322367
322642
322646
322706
322762
322766
323002
323080
323179
323320
323338
323402
323419
323500
323780
323818
323896
323998
324058
324179
324196
324200
324235
324239
324320
324338
324380
324638
324655
324878
325136
325235
325570
325676
326291
326312
326350
326492
326510
326570
326651
326831
326852
326891
326930
327290
327308
327424
327466
327646
327784
327823
327844
328084
328282
328660
328720
328823
329179
329200
329320
329342
329380
329539
329638
329702
329836
329999
330016
330098
330175
330214
330239
330274
330398
330496
330514
330539
330655
330656
330694
330758
330776
330935
330994
331016
331054
331055
331111
331171
331252
331376
331411
331492
331531
331552
331771
331990
332051
332072
332170
332287
332347
332351
332428
332626
332866
332926
332930
332947
332986
332990
333170
333248
333368
333484
333587
333728
333763
333802
333904
334024
334123
334127
334286
334300
334303
334342
334462
334642
334660
334682
334840
334999
335020
335042
335080
335123
335179
335600
335699
335755
335776
335875
335995
336038
336055
336119
336140
336235
336398
336415
336419
336475
336536
336832
336956
337235
337316
337450
337535
337570
337651
337750
337831
337888
337931
337991
338068
338110
338231
338308
338411
338527
338566
338866
338930
338944
339110
339167
339244
339308
339386
339488
339608
339746
340003
340166
340180
340222
340286
340540
340643
340742
340879
340939
341038
341158
341180
341300
341359
341458
341716
341738
341935
341978
341995
342020
342119
342158
342235
342296
342416
342472
342716
342751
342772
343076
343115
343390
343531
343652
343871
343948
343987
344107
344171
344248
344351
344386
344428
344471
344591
344626
344630
344651
344746
344806
344948
345008
345046
345047
345068
345163
345227
345364
345428
345442
345626
345647
345664
345724
345806
345986
346103
346279
346399
346459
346480
346558
346622
346720
346883
347116
347179
347458
347459
347660
347674
347699
347854
347918
348034
348158
348175
348218
348235
348236
348592
348634
348695
348871
349012
349016
349055
349171
349192
349292
349471
349630
349648
349828
349927
350051
350086
350090
350248
350330
350446
350630
350648
350687
350690
350750
350927
350944
351227
351322
351523
351760
351820
352180
352420
352498
352618
352660
352682
352763
352819
352880
352999
353000
353116
353275
353300
353515
353596
353639
353660
353776
353819
353914
353996
354056
354115
354172
354218
354334
354394
354395
354451
354455
354511
354536
354850
355012
355111
355150
355450
355567
355571
355807
355811
355867
355888
356008
356047
356128
356270
356287
356347
356348
356390
356464
356528
356704
357008
357026
357167
357206
357347
357382
357442
357502
357640
357682
357686
358198
358279
358343
358519
358580
358678
358759
358819
358880
358919
358940
359000
359038
359240
359275
359339
359395
359494
359515
359519
359596
359656
359755
359875
359918
359936
360232
360274
360331
360356
360451
360631
360635
360691
360712
360755
360815
361168
361228
361330
361331
361528
361652
361687
361691
361747
361772
361846
361850
361888
361931
362030
362168
362447
362506
362528
362768
362842
362867
362948
363022
363082
363184
363223
363442
363623
363739
363940
364022
364120
364163
364360
364459
364460
364558
364562
364679
364756
364798
364820
364915
365039
365116
365180
365194
365258
365279
365434
365459
365614
365695
365734
365752
365755
365794
365812
365854
365876
366094
366116
366275
366391
366691
366695
366751
366752
366755
366910
366988
367031
367052
367172
367211
367331
367348
367511
367550
367631
367652
367670
367786
367811
367966
368030
368090
368107
368150
368267
368468
368507
368528
368546
368584
368648
368666
368782
368863
369004
369386
369520
369662
369683
369700
369923
369979
370099
370103
370202
370219
370396
370459
370460
370580
370678
370679
370760
370838
370855
370880
370919
370958
370996
371095
371120
371134
371258
371395
371438
371498
371558
371635
371734
371738
371851
371876
371911
372091
372172
372236
372275
372310
372395
372430
372451
372691
372992
373030
373168
373190
373207
373292
373331
373370
373468
373528
373648
373687
373748
373867
374048
374224
374383
374524
374644
374683
374722
375100
375146
375382
375482
375799
375803
375842
375859
376078
376318
376382
376396
376456
376640
376735
376855
376876
376880
376954
377159
377258
377336
377395
377396
377456
377996
378010
378091
378095
378155
378211
378292
378851
378868
378932
379031
379070
379130
379246
379267
379306
379310
379327
379331
379391
379546
379606
379628
379744
379804
379846
379864
379906
380168
380224
380348
380524
380726
381100
381203
381383
381422
381482
381563
381598
381619
381700
381799
381979
382082
382216
382259
382318
382400
382580
382615
382795
382936
383018
383036
383198
383254
383258
383315
383452
383572
383576
383791
383816
383830
383971
384091
384211
384212
384452
384611
384671
384688
384692
384730
384731
384770
384992
385147
385271
385426
385567
385726
385786
386023
386246
386306
386482
386683
386740
387323
387418
387443
387499
387640
387718
387799
387860
388199
388220
388259
388280
388315
388400
388418
388534
388735
388778
388816
388834
388855
388894
388915
389035
389092
389156
389255
389431
389452
389636
389675
389696
389950
390208
390250
390310
390392
390508
390688
390932
390946
390950
390967
390988
391066
391147
391208
391268
391328
391487
391504
391606
391628
391688
391727
391744
391783
391804
391924
391984
391988
392087
392122
392203
392563
392842
392959
393122
393139
393319
393340
393418
393478
393499
393500
393598
393662
393739
393740
393860
393898
393920
394118
394456
394478
394619
394838
394856
394972
395036
395216
395272
395276
395371
395392
395452
395516
395650
395671
395692
395752
395830
395852
395890
395911
395915
395971
396031
396070
396332
396572
396611
396671
396752
396770
396791
396808
396830
397066
397087
397130
397148
397264
397306
397328
397384
397426
397427
397448
397508
397568
397684
397744
397783
397804
397868
397924
398083
398104
398186
398203
398207
398380
398383
398482
398603
398659
398722
398762
398843
398860
398942
398959
399058
399100
399122
399259
399323
399499
399500
399602
399616
399658
399719
399856
399860
400114
400118
400135
400216
400294
400358
400375
400435
400556
400559
400658
400675
400792
400796
400895
400916
400954
401014
401032
401156
401212
401371
401435
401456
401572
401671
401731
401851
401852
401890
401968
402088
402190
402371
402388
402392
402526
402547
402628
402766
402830
402946
403306
403324
403406
403483
403526
403762
403766
403942
404062
404066
404200
404242
404246
404440
404603
404620
404680
404899
405122
405320
405380
405496
405538
405736
405980
405998
406058
406139
406195
406216
406255
406259
406354
406379
406435
406478
406495
406658
406714
406715
406732
406736
406835
406916
407371
407611
407650
407728
407830
407891
407908
407912
407950
408028
408268
408328
408547
408551
408671
408728
408731
408788
408847
408904
409127
409466
409487
409508
409586
409727
409766
409822
409963
410002
410062
410200
410363
410462
410560
410599
410659
410938
411079
411080
411118
411260
411298
411496
411616
411680
411740
411796
412054
412075
412139
412376
412475
412535
412651
412711
412796
413036
413050
413135
413152
413191
413195
413431
413548
413608
413852
414050
414251
414371
414466
414586
414650
414667
414770
414826
415007
415148
415384
415504
415526
415624
415646
415667
416020
416200
416320
416462
416500
416578
416680
416702
416723
416878
416938
417019
417118
417119
417140
417182
417415
417419
417560
417616
417638
417655
417659
417938
418015
418019
418075
418192
418196
418255
418256
418316
418414
418436
418475
418492
418556
418651
418655
418895
418955
419131
419251
419668
419887
419891
419990
420127
420290
420311
420487
420547
420586
420650
420668
420728
420826
420908
420986
421003
421063
421282
421342
421406
421427
421487
421723
421762
421822
421826
422123
422239
422299
422303
422320
422359
422458
422500
422518
422539
422599
422719
422818
422899
423080
423295
423320
423380
423454
423616
423775
423896
424075
424192
424295
424376
424492
424711
424736
424895
424951
424955
425071
425072
425131
425372
425411
425467
425530
425750
425831
425866
425912
426050
426110
426187
426248
426290
426307
426308
426364
426467
426484
426488
426526
426707
426806
426883
426964
427084
427222
427303
427406
427483
427819
427922
427939
428080
428162
428239
428338
428342
428363
428398
428440
428762
428960
429016
429115
429119
429175
429320
429376
429380
429398
429419
429578
429638
429694
429835
429836
429938
429998
430016
430076
430114
430132
430192
430196
430372
430411
430496
430672
430891
430990
431050
431230
431428
431432
431630
431647
431711
431806
431926
431930
432007
432110
432188
432226
432290
432308
432407
432428
432488
432707
432724
432728
432742
432784
432862
433024
433042
433063
433106
433183
433420
433463
433466
433699
433763
433819
433900
434080
434218
434359
434402
434479
434582
434639
434776
434780
434896
435094
435098
435256
435295
435394
435476
435479
435518
435536
435596
435755
435892
436136
436171
436270
436291
436316
436535
436630
436712
436750
436828
436930
436990
437012
437072
437128
437171
437432
437570
437587
437591
437608
437746
438008
438124
438287
438527
438562
438664
438746
438767
438844
438887
439003
439042
439106
439240
439300
439402
439420
439523
439583
439622
439738
439798
439802
439939
439960
440003
440183
440402
440519
440579
440660
440720
440875
440914
441136
441154
441175
441196
441274
441278
441475
441652
441754
441896
442016
442150
442231
442235
442270
442312
442531
442750
442811
443047
443171
443188
443248
443351
443372
443626
443651
443824
443866
443948
443986
444047
444167
444188
444223
444244
444248
444347
444382
444424
444544
444548
444566
444626
444943
445003
445106
445180
445282
445339
445459
445618
445682
445862
445939
445940
446042
446119
446240
446360
446398
446420
446639
447175
447218
447236
447278
447334
447515
447596
447631
447652
447695
447815
447832
447952
448030
448291
448351
448352
448630
448750
448927
448931
448991
449008
449030
449107
449111
449188
449231
449368
449390
449407
449450
449468
449528
449630
449647
449704
449747
449806
450004
450206
450287
450382
450386
450424
450566
450746
451043
451399
451540
451579
451699
451720
451922
451978
451999
452120
452176
452219
452515
452554
452558
452575
452794
452854
452914
452918
453055
453056
453158
453172
453175
453232
453296
453395
453412
453451
453454
453575
453695
453712
453811
453850
453871
454111
454112
454175
454450
454532
454768
454811
454871
454910
454966
454991
455111
455167
455326
455467
455686
455704
455906
456008
456026
456064
456103
456124
456128
456262
456304
456382
456583
456682
456760
456863
456979
456983
457180
457198
457240
457322
457360
457403
457459
457583
457759
457802
457862
457880
457978
458099
458158
458236
458378
458434
458519
458540
458716
458974
458995
459098
459112
459331
459691
460051
460052
460111
460270
460292
460352
460450
460567
460768
460790
460807
460966
460987
461030
461111
461146
461284
461287
461326
461584
461648
461666
461726
461747
461902
461948
461983
462184
462206
462523
462566
462682
462799
462863
462983
463039
463078
463082
463163
463180
463558
463700
464039
464056
464155
464180
464198
464215
464219
464300
464498
464515
464558
464614
464695
464696
464738
464816
464854
464996
465091
465176
465335
465391
465416
465472
465610
465730
465790
465931
465970
466567
466648
466747
466828
466846
466867
467048
467108
467146
467150
467164
467284
467464
467468
467503
467644
468322
468563
468580
468799
468919
469039
469043
469060
469219
469223
469283
469339
469459
469520
469760
469958
470014
470035
470134
470438
470455
470459
470554
470618
470674
470816
470914
470992
471052
471056
471091
471172
471211
471215
471271
471412
471532
471571
471631
471670
471691
471811
471911
471992
472112
472228
472408
472412
472451
472490
472511
472790
472910
472927
473267
473323
473404
473486
473507
473623
473662
474086
474103
474400
474760
474803
474902
475082
475100
475160
475280
475339
475340
475456
475576
475696
476018
476039
476056
476159
476258
476275
476455
476456
476572
476576
476731
476816
476851
476936
477031
477035
477215
477452
477455
477572
477631
477731
477868
477872
477971
477992
478151
478207
478211
478228
478232
478292
478366
478408
478447
478568
478610
478747
478808
478906
479083
479224
479267
479422
479426
479447
479962
480022
480082
480100
480142
480319
480443
480482
480503
480662
480760
480980
481039
481040
481262
481318
481400
481435
481615
481679
481714
481760
481795
481799
482198
482216
482276
482378
482615
482636
482791
482795
482890
482996
483031
483151
483272
483370
483391
483451
483550
483670
483730
484006
484250
484426
484448
484508
484667
484684
484906
485044
485108
485203
485306
485404
485602
485843
485903
485963
486379
486460
486598
486800
486962
486976
487199
487298
487315
487340
487520
487580
487598
487718
487774
487799
487838
487916
487958
488018
488078
488095
488198
488216
488375
488671
488692
488752
488770
488950
489452
489490
489650
489688
489752
489791
489812
489847
489911
489992
490130
490190
490267
490387
490444
490550
490726
490783
490787
490804
490826
491027
491062
491083
491182
491186
491306
491323
491620
492002
492040
492178
492203
492460
492499
492800
492920
492980
493075
493315
493400
493414
493418
493439
493478
493534
493594
493654
493658
493679
493718
493739
493834
493894
493954
493972
494014
494074
494096
494212
494216
494396
494491
494572
494636
494692
494735
494912
494950
495031
495212
495251
495328
495332
495370
495671
495727
495731
496186
496207
496384
496448
496688
496706
496727
496766
496787
496907
497104
497126
497182
497186
497246
497267
497302
497362
497422
497443
497486
497542
497663
497959
498058
498083
498122
498439
498443
498499
498500
498559
498560
498598
498602
498658
498838
498899
499118
499255
499315
499375
499435
499838
499916
500015
500152
500332
500431
500512
500650
501010
501131
501152
501187
501526
501590
501710
501787
501847
501886
502028
502208
502247
502508
502586
502607
502628
502688
502723
502744
502826
502907
502924
502967
503126
503143
503500
503539
503543
503620
503659
503860
504040
504143
504160
504182
504242
504362
504379
504439
504482
504538
504599
504616
504718
504839
504916
504994
505058
505156
505234
505315
505376
505379
505439
505534
505616
505672
505852
505856
505891
505972
506011
506036
506135
506590
506650
506908
506968
507110
507187
507208
507328
507886
507946
508010
508126
508127
508303
508328
508586
508684
508762
508826
508903
509002
509023
509080
509126
509182
509242
509260
509423
509522
509539
509642
509659
509818
509839
510019
510023
510062
510118
510500
510655
510796
510835
510920
510955
510994
511019
511058
511135
511156
511196
511298
511432
511556
511672
511676
512036
512096
512131
512230
512251
512332
512375
512431
512491
512611
512668
512672
512710
512770
512771
512827
512831
512848
513007
513011
513067
513152
513346
513548
513607
513608
513727
513844
514007
514067
514183
514264
514286
514307
514346
514483
514522
514564
514603
515003
515182
515242
515299
515303
515320
515380
515458
515479
515539
515719
515723
515822
515942
516415
516436
516556
516595
516694
516779
516899
516916
517054
517075
517255
517256
517415
517591
517612
517676
517856
517891
518131
518255
518368
518431
518548
518590
518591
518711
518750
519046
519067
519088
519127
519191
519406
519466
519488
519848
520144
520226
520264
520342
520402
520882
520942
521020
521062
521063
521222
521260
521303
521320
521419
521440
521479
521500
521582
521659
521779
521780
522196
522599
522736
522779
522818
522839
522956
522998
523015
523114
523118
523234
523294
523432
523496
523535
523651
523711
523792
523891
524110
524308
524410
524548
524587
524612
524647
524651
524672
524728
524810
524908
524926
524986
525046
525230
525286
525346
525427
525467
525527
525544
525586
525703
525724
525763
525866
525968
526042
526106
526406
526522
526526
526582
526823
526879
526960
526999
527020
527102
527162
527183
527239
527282
527363
527462
527600
528076
528080
528200
528239
528320
528655
528776
528892
528895
528956
529132
529351
529450
529471
529591
529595
529870
530011
530252
530290
530428
530552
530626
530647
530672
530771
530788
531466
531526
531608
531664
531862
531883
532084
532106
532123
532166
532183
532187
532222
532526
532600
532699
532879
532978
533038
533363
533398
533420
533479
533480
533518
533582
533716
533720
533780
533978
534055
534115
534179
534200
534239
534299
534334
534338
534359
534475
534539
534596
534698
534716
534814
534815
534892
534956
535111
535231
535316
535355
535390
535411
535415
535552
535652
535870
536051
536110
536171
536287
536527
536531
536570
536647
536686
536746
536888
537004
537067
537110
537166
537226
537286
537287
537403
537424
537428
537488
537523
537728
537827
538003
538106
538123
538180
538286
538682
538879
539020
539180
539342
539716
539815
539858
539879
540034
540055
540094
540119
540235
540256
540338
540394
540416
540776
540811
541150
541171
541196
541235
541355
541471
541531
541652
541690
541750
541768
541952
542047
542270
542330
542488
542626
542746
542767
542810
543463
543488
543566
543922
543982
544046
544063
544163
544223
544279
544459
544540
544763
544823
544858
544922
545459
545515
545519
545558
545575
545579
545600
545798
545858
545879
545914
545918
546175
546179
546278
546338
546394
546476
546574
546755
546815
546892
546995
547016
547150
547175
547235
547330
547352
547652
547690
547811
547828
547910
547948
547952
547987
547991
548051
548206
548227
548266
548468
548626
548648
548708
548747
548824
548987
549004
549047
549128
549163
549206
549248
549446
549484
549506
549686
549742
549982
550060
550102
550283
550343
550403
550523
550703
550819
550922
550982
551416
551480
551600
551734
551879
551935
551974
552235
552296
552352
552356
552412
552532
552536
552596
552652
552755
552832
552995
553171
553175
553231
553330
553510
553790
553910
553948
553987
553991
554008
554090
554348
554351
554390
554407
554450
554524
555008
555244
555322
555364
555403
555467
555506
555746
555863
556082
556099
556283
556343
556480
556498
556583
556802
556816
556880
556936
557215
557275
557554
557558
557635
557639
557695
557699
557798
557858
558155
558232
558412
558416
558536
558656
558716
558832
558970
559567
559648
559652
559726
559772
559786
559910
560026
560107
560111
560150
560206
560330
560386
560446
560566
560644
560683
560803
560867
560948
561026
561047
561082
561167
561283
561382
561386
561562
561626
561682
561700
561802
562043
562099
562159
562283
562519
562636
562640
562699
562760
562802
562816
563018
563356
563519
563639
563794
563876
563978
564052
564095
564151
564236
564476
564532
564691
564695
564910
565151
565211
565228
565232
565292
565331
565370
565391
565550
565726
565730
565768
565910
565987
566048
566387
566528
566546
566563
566803
566846
567004
567206
567262
567446
567919
567923
568022
568120
568318
568340
568456
568618
568619
568795
568799
568816
569000
569056
569060
569099
569120
569138
569455
569632
569678
569816
569936
570031
570056
570155
570296
570356
570571
570911
570932
571207
571352
571408
571451
571472
571666
571726
571927
571970
571987
572168
572207
572228
572288
572326
572327
572348
572426
572528
572764
573383
573580
573602
573679
573799
573803
573979
573983
574000
574078
574138
574322
574558
574795
574894
574898
574919
574975
575116
575198
575396
575498
575516
575554
575674
575752
575791
575794
575816
575851
575855
575936
575971
576031
576056
576091
576215
576352
576430
576455
576512
576632
576670
576748
576791
576967
576988
577292
577306
577327
577348
577430
577486
577490
577528
577808
577910
577984
578104
578207
578366
578387
578447
578546
578722
578726
578807
579026
579040
579400
579559
579619
579700
579739
579778
579859
579983
580039
580138
580379
580774
580820
580936
580958
580975
581035
581078
581095
581215
581254
581438
581452
581495
581614
581756
581876
581911
582095
582211
582232
582271
582272
582628
582847
582872
583027
583048
583228
583666
583864
583868
583967
583988
584044
584048
584143
584168
584228
584242
584302
584344
584348
584426
584464
584563
584567
584786
584980
585079
585199
585340
585439
585443
585499
585679
585962
586198
586315
586379
586435
586460
586919
587035
587512
587636
587671
587675
587731
587770
587791
587795
587872
587911
587950
588091
588190
588431
588610
588611
588688
589066
589070
589186
589268
589271
589444
589568
589606
589748
589786
589804
590447
590503
590902
591062
591143
591178
591199
591263
591340
591362
591538
591560
591679
591842
592078
592319
592340
592474
592499
592576
592615
592714
592855
592856
592954
592958
593018
593096
593156
593611
593615
593632
593791
593812
593890
593911
593915
594311
594431
594491
594568
594590
594607
594766
594808
594847
594907
594946
595010
595087
595147
595190
595207
595310
595370
595487
595508
595688
595706
595804
595826
595942
595946
596023
596083
596267
596302
596426
596482
596503
596542
596543
596546
596603
596723
596782
596920
596959
597319
597323
597383
597482
597499
597740
597800
597860
597895
598079
598118
598396
598534
598616
598658
598895
598972
599014
599156
599350
599410
599512
599516
599551
599671
599710
599830
599852
599950
600190
600250
600307
600350
600572
600586
600611
600748
600830
601027
601204
601444
601448
601508
601526
601688
601804
601808
601907
602186
602366
602542
602602
602659
602903
602942
602963
603023
603259
603260
603616
603676
603736
603899
604019
604058
604075
604096
604195
604259
604354
604358
604435
604495
604496
604534
604615
604616
604654
604775
604916
605195
605290
605491
605590
605650
605671
605710
605731
605732
605788
605890
606131
606350
606470
606650
606728
606964
607006
607007
607070
607363
607487
607642
607663
607702
607706
607847
608260
608320
608422
608483
608522
608560
608603
608758
608783
608800
608839
608860
608882
609080
609200
609242
609376
609380
609659
609818
610096
610174
610195
610376
610418
610432
610534
610556
610595
610655
610711
610714
610856
610895
610912
610955
610976
611092
611191
611212
611230
611311
611315
611435
611770
611947
611972
612148
612187
612212
612290
612371
612551
612590
612607
612608
612728
612766
612844
613067
613444
613564
613582
613603
613843
614003
614020
614123
614182
614359
614500
614518
614620
614758
614900
614959
614960
615002
615058
615136
615196
615239
615256
615298
615359
615380
615539
615560
615616
615620
615779
615814
615899
616058
616079
616178
616234
616255
616298
616414
616415
616591
616715
616796
616930
617050
617251
617350
617711
617792
617930
617947
618046
618106
618187
618350
618371
618470
618547
618548
618646
618650
618947
618986
619003
619084
619324
619367
619444
619526
619823
620080
620342
620440
620543
620638
620663
620720
620780
620818
621059
621175
621260
621278
621299
621355
621376
621380
621500
621616
621715
621719
621839
622015
622075
622178
622192
622294
622316
622355
622372
622411
622471
622531
622612
622651
622831
622852
622930
623050
623131
623132
623428
623488
623672
623707
623827
623930
623951
624046
624191
624286
624466
624527
624548
624587
624608
624703
624728
624908
625028
625123
625127
625144
625148
625423
625526
625939
625982
626020
626123
626179
626578
626603
626660
626779
626822
627058
627059
627175
627235
627260
627299
627334
627454
627475
627496
627578
627634
627655
627775
627896
627955
628058
628171
628192
628312
628351
628372
628376
628432
628535
628672
629068
629170
629171
629252
629291
629410
629488
629527
629651
629672
629711
629767
629806
629810
629887
629930
629990
630008
630011
630067
630068
630127
630166
630290
630304
630407
630586
630883
630922
630982
630986
631042
631102
631222
631466
631583
631702
631780
631939
631978
632020
632239
632320
632402
632642
632780
632978
633235
633274
633299
633355
633415
633458
633496
633698
633715
633832
633892
634054
634192
634231
634390
634630
634655
634831
634990
635167
635390
635471
635570
635591
635630
635651
635810
635926
636064
636286
636463
636523
636587
636608
636668
636724
636823
636866
637007
637123
637282
637286
637346
637402
637420
637622
637643
637699
637720
637763
637780
637982
638042
638299
638359
638419
638458
638578
638716
638780
638840
639016
639094
639115
639214
639278
639415
639416
639532
639638
639712
639896
640136
640295
640312
640390
640591
640811
640832
640987
640990
641128
641227
641270
641326
641351
641708
641827
641930
642124
642227
642244
642488
642506
642587
642604
642827
642866
642887
642922
643060
643063
643283
643342
643343
643519
643562
643579
643819
643918
644059
644098
644120
644218
644296
644458
644540
644575
644596
644815
644858
644875
645034
645055
645094
645098
645214
645296
645338
645394
645416
645574
645811
645871
645970
646072
646312
646352
646472
646592
646648
646828
647012
647111
647206
647531
647806
647867
647944
647983
648283
648386
648446
648523
648544
648562
648566
648707
648922
648926
648940
649042
649459
649523
649600
649678
649759
649978
650176
650296
650339
650455
650480
650536
650540
650596
650660
650815
650875
650939
650974
650999
651094
651154
651695
651751
652030
652055
652270
652390
652408
652468
652510
652631
652708
652747
652772
652910
653068
653146
653188
653506
653566
653828
654004
654008
654064
654068
654082
654184
654446
654506
654523
654626
654686
654746
654862
655082
655180
655219
655240
655343
655442
655459
655540
655558
655579
655600
655643
655682
655858
655879
655940
656098
656155
656215
656236
656240
656459
656494
656600
656674
657034
657056
657292
657331
657391
657716
657910
658168
658232
658271
658450
658670
658691
658708
658786
658948
658970
659111
659228
659287
659344
659348
659566
659588
659626
659807
659828
660082
660167
660266
660326
660622
660802
660859
660902
660919
661078
661103
661120
661163
661219
661403
661420
661438
661519
661523
661579
661678
661936
662038
662215
662300
662459
662515
662579
662875
662876
662914
663151
663172
663275
663356
663416
663476
663652
663730
663772
663931
663988
664271
664331
664430
664528
664532
664648
664846
664888
664931
665026
665146
665266
665348
665387
665464
665506
665563
665627
665708
665824
665846
665902
665923
666004
666107
666206
666619
666640
666760
666782
666799
666923
666958
667060
667163
667240
667438
667619
667636
667678
668060
668074
668138
668240
668456
668614
668618
668695
668812
668816
668876
668971
669031
669035
669091
669176
669250
669271
669331
669356
669430
669455
669635
669670
669811
669992
670091
670751
670846
670850
670987
671090
671108
671146
671267
671464
671528
671563
671584
671623
671648
671786
671803
671842
671927
672202
672383
672683
672739
672820
672863
672880
672902
672958
672979
672983
673022
673043
673202
673280
673322
673382
673400
673438
673558
673576
673756
673855
673919
674035
674095
674176
674456
674576
674615
674632
674636
674756
674791
674816
674872
674996
675232
675250
675275
675331
675395
675670
676048
676052
676130
676147
676151
676310
676370
676507
676588
676610
676628
676631
676726
676850
677224
677267
677447
677567
677623
677726
677807
677902
677966
677983
678100
678799
678863
679039
679219
679318
679378
679555
679598
679658
679675
679834
679975
680018
680078
680254
680276
680374
680555
680614
680692
680816
680876
681112
681172
681215
681872
681911
681928
681932
682108
682168
682288
682408
682447
682490
682507
682627
682684
682687
682786
682988
683023
683168
683203
683267
683288
683302
683323
683387
683426
683486
683546
683563
683627
683662
683726
683782
683786
683803
683966
684203
684220
684323
684460
684700
684799
684800
684842
684976
685156
685160
685276
685375
685400
685439
685576
685580
685594
685714
685735
685855
685876
685898
686156
686198
686494
686636
686675
686932
686950
686971
686975
687095
687151
687190
687211
687272
687310
687508
687610
687727
687868
687946
688048
688052
688387
688388
688448
688486
688507
688550
688628
688684
688804
688903
689062
689104
689482
689486
689683
689842
689843
689920
690079
690203
690238
690298
690302
690319
690379
690619
690679
690683
690800
690860
690916
690920
690976
691036
691178
691195
691199
691340
691396
691516
691520
691658
691834
692014
692075
692152
692251
692314
692336
692371
692615
692770
692791
692911
693010
693032
693490
693512
693551
693868
694147
694327
694388
694427
694607
694688
694808
694907
695006
695164
695603
695860
696058
696118
696139
696400
696418
696499
696538
696542
696616
696658
696839
696955
696958
697015
697040
697156
697199
697255
697298
697336
697555
697559
697619
697675
697834
698311
698456
698495
698530
698611
698632
698971
699212
699350
699371
699410
699470
699530
699590
699692
699727
699787
699847
699868
699971
700126
700250
700448
700603
700723
701246
701263
701302
701380
701599
701783
701959
701980
702019
702083
702100
702199
702203
702302
702319
702422
702539
702560
702598
702602
702676
702878
702959
702980
702998
703216
703259
703354
703435
703474
703672
703714
704071
704251
704311
704392
704431
704452
704671
705011
705070
705212
705230
705251
705272
705307
705346
705388
705448
705667
705706
705770
705946
706028
706067
706144
706187
706264
706324
706388
706423
706448
706483
706504
706508
706586
706607
706628
706667
706804
706826
706847
706864
707066
707126
707419
707440
707560
707719
707980
708019
708182
708200
708238
708259
708260
708316
708320
708598
708676
708740
708800
708955
708980
709096
709256
709259
709294
709655
709672
709732
709771
709774
710050
710096
710110
710195
710251
710272
710332
710432
710590
710608
710908
711067
711131
711187
711251
711286
711311
711530
711607
711646
711826
711947
712084
712166
712264
712268
712328
712388
712462
712504
712547
712564
712646
712723
712727
712826
712963
713020
713182
713183
713239
713260
713299
713359
713419
713522
713578
713642
713723
713758
713762
713839
713963
714019
714079
714298
714419
714475
714479
714578
714595
714616
714638
714676
714775
714779
714856
714878
714934
715058
715079
715252
715256
715315
715316
715376
715432
715595
715616
715852
716071
716152
716591
716608
716831
716887
716908
717011
717148
717230
717290
717307
717427
717607
717707
717767
717770
717784
717946
718088
718183
718204
718282
718307
718384
718526
718706
718882
718886
718942
719062
719080
719179
719303
719342
719359
719440
719539
719599
719620
719638
719659
719719
719762
719839
719942
720299
720475
720479
720514
720518
720655
720736
720818
720896
721016
721075
721114
721135
721591
721951
722252
722290
722548
722587
722612
722647
722690
722947
723050
723187
723191
723226
723230
723290
723470
723526
723587
723604
723647
723724
723806
723866
723926
724063
724088
724187
724264
724642
724762
724879
725123
725183
725260
725278
725380
725479
725483
725522
725659
725758
725779
725900
725939
725960
726115
726256
726295
726320
726419
726440
726479
726496
726514
726574
726595
726599
726758
726775
726776
726874
726998
727012
727231
727234
727711
727715
727835
728071
728131
728350
728351
728368
728467
728728
728750
728767
728827
729007
729127
729128
729226
729587
729703
729823
729926
730003
730303
730420
730466
730759
731038
731359
731462
731539
731600
731758
731935
732055
732119
732136
732154
732179
732218
732295
732458
732475
732578
732638
732754
732952
733175
733192
733415
733450
733672
733711
733715
733771
733775
733891
733948
733951
734188
734192
734227
734248
734291
734308
734390
734450
734612
734630
734866
735008
735128
735166
735244
735346
735347
735484
735566
735668
735686
735767
736166
736226
736282
736343
736346
736402
736480
736540
736643
736660
736682
736802
737179
737243
737300
737639
737858
737918
737974
737978
738076
738154
738235
738355
738415
738535
738592
738595
738755
738836
738991
739111
739150
739295
739411
739771
739832
739888
739990
740227
740330
740506
740591
740626
740707
740711
740768
740827
740884
740888
740986
741188
741227
741308
741403
741484
741562
741608
741682
741703
741763
741827
742042
742046
742063
742166
742339
742399
742403
742459
742540
742579
742660
742720
742823
742900
742978
742999
743119
743120
743218
743278
743339
743342
743360
743398
743416
743459
743480
743519
743536
743540
743635
743879
743896
743935
743956
744038
744235
744334
744355
744412
744592
744652
745171
745270
745330
745531
745532
745690
745871
745991
746008
746090
746206
746467
746528
746746
746768
746888
746944
746948
747008
747064
747107
747163
747184
747248
747266
747343
747364
747382
747386
747566
747763
747883
747943
748000
748120
748300
748562
748622
748643
748922
749059
749060
749119
749222
749279
749398
749420
749438
749480
749618
749819
749974
750218
750278
750352
750356
750394
750454
750514
750596
750635
750695
750755
750832
750871
750896
750931
750956
750991
751235
751291
751292
751351
751511
751570
751790
751952
752026
752128
752347
752351
752468
752587
752630
752687
752747
752764
752807
752944
752948
753026
753047
753124
753128
753227
753283
753287
753806
753820
753866
754283
754360
754523
754540
754682
754700
754703
754760
754940
754996
755039
755060
755219
755240
755296
755300
755335
755455
755579
755600
755618
755716
755918
755936
755995
756115
756116
756176
756296
756391
756395
756455
756515
756536
756592
756670
756730
756755
756832
756991
757210
757228
757450
757451
757507
757532
757691
757790
757867
757906
758168
758347
758348
758464
758507
758588
758644
758764
759004
759008
759026
759167
759322
759622
759803
759862
760039
760082
760180
760202
760219
760262
760300
760322
760360
760459
760463
760558
760583
760639
760696
760820
761180
761314
761416
761558
761755
761876
761935
761992
762271
762352
762356
762391
762455
762536
762550
762631
762691
762730
762872
763090
763210
763330
763352
763412
763447
763567
763627
763631
763648
763726
763888
764048
764108
764210
764270
764344
764408
764588
764708
764888
764983
765043
765107
765400
765700
765803
765880
766099
766142
766318
766382
766498
766520
766619
766682
766738
766799
766876
767035
767176
767275
767416
767494
767558
767576
767618
767674
767695
767855
767872
767971
767974
768031
768034
768356
768370
768412
768451
768455
768472
768511
768550
768670
768992
769030
769108
769172
769232
769426
769532
769588
769606
769691
769726
769751
769850
769867
770047
770224
770288
770426
770546
770662
770666
770782
770846
770867
771163
771202
771220
771499
771502
771520
771760
771803
771820
771859
771962
772000
772018
772039
772198
772223
772322
772576
772636
772640
772675
772838
772898
772919
773000
773056
773099
773176
773198
773258
773335
773395
773396
773399
773512
773558
773735
773752
773795
773851
773911
773996
774211
774370
774748
774752
774791
774910
775031
775108
775130
775168
775207
775211
775310
775327
775331
775352
775412
775606
775631
775807
775906
776224
776344
776404
776422
776546
776627
776846
776983
777598
777760
777842
777859
777898
777940
777979
778216
778259
778280
778378
778576
778619
778675
778760
778778
778894
778915
778975
778979
779056
779134
779219
779275
779332
779336
779456
779494
779512
779576
779851
779971
780232
780452
780571
780610
780611
780670
780671
780692
780730
780731
780850
780911
781070
781126
781186
781190
781232
781387
781426
781430
781447
781508
781748
781864
782026
782228
782348
782387
782687
782962
783160
783319
783640
783658
783739
783800
783803
783980
784022
784199
784258
784318
784456
784478
784559
784675
784700
784760
784778
784894
784898
784954
784958
785014
785018
785039
785096
785392
785551
785572
785671
785692
785795
785872
785911
786091
786151
786391
786512
786551
786727
786928
786950
787066
787168
787306
787327
787550
787624
787688
787843
787846
787963
787967
788027
788087
788122
788126
788186
788203
788263
788422
788542
788623
788680
788726
788842
788920
789022
789160
789182
789383
789538
789559
789620
789683
789722
790018
790079
790195
790255
790280
790298
790358
790418
790534
790555
790598
790735
790739
790954
791036
791134
791135
791195
791311
791396
791435
791491
791590
791636
791692
791791
791872
791915
792070
792151
792190
792212
792370
792490
792508
792512
792667
792907
792928
792971
793006
793027
793147
793564
793808
793988
794002
794023
794083
794147
794302
794383
794663
794722
794899
794920
795002
795040
795259
795280
795418
795559
795676
795916
795976
796156
796160
796195
796280
796319
796396
796418
796456
796598
796675
796774
796852
796972
796976
797074
797075
797371
797491
797551
797572
797576
797611
797632
797650
797671
797675
797735
797855
797971
798031
798131
798307
798547
798632
798710
798787
798826
798907
799087
799190
799204
799250
799426
799427
799603
799684
799744
799762
799783
799882
800186
800302
800423
800740
800822
800839
800882
800998
801079
801083
801100
801139
801178
801199
801298
801358
801362
801418
801440
801616
801620
801779
801916
801980
802139
802220
802259
802276
802336
802439
802499
802538
802555
802594
802658
802714
802736
802796
802852
802912
803096
803251
803276
803371
803375
803470
803611
803650
803791
803848
803852
803891
803912
804130
804131
804148
804191
804230
804251
804371
804448
804452
804530
804568
804826
804890
804950
805363
805406
805607
805684
805688
805946
806203
806302
806320
806440
806483
806839
807019
807083
807140
807200
807362
807440
807560
807595
807758
807775
807800
807856
807920
807959
808054
808174
808178
808195
808216
808259
808316
808478
808594
808598
809011
809071
809431
809650
809912
810032
810088
810346
810350
810607
810608
810826
810890
811007
811123
811144
811307
811324
811663
811766
811783
811826
811882
811963
812020
812063
812320
812363
812560
812663
812702
812818
812878
812903
813118
813238
813260
813316
813358
813500
813560
813659
813800
813814
813878
813959
814139
814238
814418
814535
814796
814870
814951
814972
814990
815152
815212
815290
815372
815410
815651
815668
815732
815887
815930
815947
816110
816131
816208
816251
816268
816346
816406
816526
816710
816767
816848
816887
816968
817024
817303
817367
817402
817504
817667
817882
817900
818122
818243
818260
818320
818479
818603
818620
818663
818698
818719
818780
818899
819080
819415
819620
819638
819754
820054
820372
820475
820531
820612
820676
820711
820775
820796
820831
821492
821612
821707
821810
821827
821848
821887
821947
822050
822071
822110
822127
822208
822251
822308
822350
822590
822707
822767
822823
822904
823042
823286
823307
823766
823939
824063
824140
824218
824419
824479
824600
824839
824938
825076
825140
825196
825239
825376
825440
825496
825500
825539
825595
825694
825715
825998
826252
826312
826411
826415
826556
826651
826676
826690
826792
826831
826891
826930
827071
827072
827192
827291
827368
827372
827410
827428
827470
827492
827510
827608
827630
827690
827827
827852
828128
828187
828350
828428
828467
828548
828746
828823
828844
829067
829102
829162
829526
829583
829643
829762
829763
829823
829840
830299
830380
830420
830423
830480
830522
830596
830599
830600
830659
830836
830896
830900
830978
831076
831115
831239
831295
831655
831656
831694
831835
831836
831875
831994
832072
832136
832171
832196
832351
832415
832436
832450
832510
832552
832591
833230
833488
833506
833810
833848
833930
833948
834106
834110
834248
834347
834466
834668
834686
834707
834788
834964
834982
835007
835024
835063
835067
835286
835300
835360
835699
835759
835840
835922
835978
836059
836162
836200
836402
836458
836536
836815
836960
837076
837175
837394
837475
837518
837536
837772
837815
838012
838016
838051
838055
838136
838192
838235
838252
838355
838390
838471
838492
838690
838750
839171
839248
839326
839386
839450
839531
839626
839647
839668
839690
839746
839930
840047
840050
840128
840283
840308
840583
840608
840622
840647
840686
841102
841162
841226
841343
841402
841579
841678
841819
841939
841960
842063
842179
842240
842278
842282
842296
842342
842360
842416
842540
842600
842635
842656
842716
842720
842776
842815
842819
842914
842939
842960
842974
843214
843235
843476
843532
843574
843578
843754
843755
843811
843991
844072
844090
844115
844291
844312
844510
844592
844690
844691
845047
845132
845171
845248
845351
845407
845626
845630
845648
845690
845810
845824
845828
845986
846064
846128
846146
846223
846227
846244
846248
846304
846386
846527
846622
846703
846767
846922
846926
846940
846982
846986
847279
847282
847300
847498
847502
847639
847660
847682
847763
847798
847862
847943
848000
848059
848102
848120
848158
848218
848279
848416
848600
848734
848794
848815
848858
848956
849055
849056
849115
849236
849296
849476
849515
849850
849892
849931
849952
850111
850132
850192
850352
850408
850411
850471
850570
850631
850747
850750
850790
850948
850970
851051
851090
851171
851308
851386
851390
851411
851468
851510
851566
851587
851647
851686
851764
851806
851923
851966
852026
852047
852146
852167
852386
852566
852587
852622
852820
852982
853000
853202
853279
853442
853459
853480
853540
853600
853643
853678
853759
854042
854099
854218
854275
854378
854459
854579
854635
854734
854815
854819
854914
855112
855116
855158
855218
855236
855275
855292
855596
855652
855670
855712
855811
855832
855935
856150
856210
856390
856511
856592
856610
856691
856892
857051
857068
857086
857408
857704
857708
857824
858026
858082
858103
858142
858146
858202
858227
858266
858287
858446
858523
858583
858682
858880
859039
859343
859498
859579
859699
859880
860099
860198
860279
860300
860395
860476
860575
860756
860815
861038
861052
861056
861172
861490
861511
861571
861635
861691
861712
861790
861872
861991
862090
862211
862288
862408
862412
862468
862507
862550
862790
862807
862811
862888
862987
863048
863386
863404
863606
863666
863743
863764
863786
863803
863842
863888
864026
864206
864283
864322
864382
864683
864799
864803
864919
864962
865060
865103
865202
865579
865580
865756
865820
865880
865915
865975
866300
866374
866416
866498
866576
866635
866636
866696
866752
867056
867211
867215
867232
867271
867292
867310
867352
867370
867515
867550
867695
867752
867928
868267
868271
868352
868610
868666
868691
868726
868768
868927
868966
869044
869090
869164
869228
869288
869326
869383
869464
869648
869863
870047
870142
870146
870280
870283
870640
870842
871082
871322
871340
871378
871399
871456
871619
871640
871675
871700
872060
872074
872219
872258
872335
872378
872399
872434
872455
872456
872494
872614
872696
872816
872851
873056
873116
873176
873211
873310
873335
873412
873571
873872
873928
874027
874091
874190
874507
874610
874687
874808
874850
874924
874988
875168
875482
875503
875524
875546
875644
875662
875704
875842
875863
876103
876262
876263
876322
876382
876619
876799
876940
877082
877099
877100
877276
877319
877379
877460
877498
877580
877679
877735
877756
877880
877898
877919
877940
877954
878039
878074
878095
878116
878138
878318
878512
878576
878791
878795
878872
878911
879031
879056
879130
879215
879232
879250
879275
879395
879451
879512
879671
879688
879971
880108
880190
880546
880567
880568
880808
880988
881104
881267
881323
881383
881426
881447
881486
881662
881683
881786
881842
881846
882026
882199
882259
882362
882379
882499
882542
882563
883018
883078
883096
883139
883315
883456
883460
883576
883580
883615
883876
883898
884036
884216
884332
884336
884456
884491
884554
884615
884632
884851
884855
884872
884915
884971
885052
885112
885215
885391
885868
885950
886370
886388
886426
886430
886490
886610
886628
886804
886868
887027
887168
887224
887306
887503
888100
888139
888143
888220
888358
888400
888478
888482
888598
888619
888962
889078
889238
889259
889276
889418
889520
889594
889598
889799
889856
889859
889898
890032
890078
890194
890216
890375
890671
890971
891130
891430
891448
891491
891632
891650
891731
891886
891946
891950
892211
892268
892366
892547
892607
893062
893203
893267
893366
893602
893680
893963
894019
894023
894040
894238
894323
894362
894443
894676
894778
894796
894800
894899
895160
895216
895255
895319
895396
895456
895714
895774
895856
895915
896134
896152
896272
896396
896530
896576
896615
896911
896971
897131
897191
897250
897268
897310
897328
897367
897551
897568
897586
897667
897748
897752
897851
898088
898126
898190
898207
898264
898268
898328
898427
898546
898684
898723
899006
899083
899087
899242
899302
899383
899422
899486
899542
899603
899620
899723
899779
900160
900220
900319
900320
900379
900482
900538
900616
900680
900895
900955
901019
901040
901075
901156
901216
901354
901358
901435
901456
901598
901732
902092
902096
902195
902276
902332
902590
902770
902848
902890
902950
903070
903191
903328
903350
903392
903466
903526
903568
903572
903667
903706
903727
903748
903851
904010
904024
904027
904126
904127
904264
904268
904363
904388
904423
905027
905203
905380
905620
905680
905800
905818
905882
905899
905998
906062
906100
906259
906260
906298
906376
906440
906620
906758
906775
906818
906980
907015
907019
907096
907174
907234
907238
907316
907376
907478
907555
907774
907775
907796
907852
907856
907976
908015
908036
908131
908156
908195
908216
908332
908492
908671
908950
908972
909011
909028
909050
909127
909148
909251
909371
909388
909427
909431
909448
909491
909671
909728
909904
909907
909908
909946
910007
910066
910067
910084
910186
910384
910508
910526
910543
910624
910787
911062
911302
911359
911419
911680
911719
911740
911800
911878
912023
912256
912302
912316
912556
912578
912655
912775
912835
912955
912994
913015
913019
913036
913178
913199
913234
913298
913358
913432
913474
913475
913535
913715
913895
914015
914230
914255
914491
914972
915028
915191
915208
915311
915488
915586
915668
915728
915766
915827
916144
916183
916226
916328
916346
916504
916702
916942
916943
916946
916960
917080
917243
917398
917423
917462
917479
917599
917698
917822
917840
917878
918299
918376
918535
918599
918719
918775
918814
918916
918994
919015
919019
919058
919178
919256
919436
919474
919556
919732
919736
919930
919951
919955
920050
920110
920132
920251
920488
920552
920608
920810
920827
920848
920947
921011
921050
921067
921106
921148
921226
921350
921367
921368
921530
921544
921548
921586
921590
921604
921608
921706
921866
921908
922088
922127
922282
922363
922384
922603
922642
922720
922766
923003
923059
923179
923183
923299
923380
923578
923836
924115
924200
924359
924419
924595
924655
924754
924775
924895
924896
924938
924955
925114
925132
925234
925291
925372
925411
925651
925732
925771
925775
925852
925895
925912
925990
926011
926192
926312
926428
926471
926548
926728
926750
926792
926810
926887
926951
927046
927067
927088
927110
927346
927410
927466
927686
927806
927827
927866
927986
928102
928342
928363
928402
928480
928702
928703
928922
928939
928960
929038
929179
929260
929320
929402
929518
929659
929758
929896
929935
929938
929995
929999
930016
930076
930115
930260
930274
930278
930359
930419
930479
930535
930574
930595
930596
930776
930896
930994
931114
931171
931256
931372
931432
931450
931570
931690
931810
931870
931892
931990
932008
932012
932132
932170
932171
932230
932291
932308
932312
932390
932492
932527
932548
932612
932647
932686
932848
932947
933124
933364
933527
933548
933566
933724
933728
933827
933922
934046
934106
934360
934540
934682
934720
934819
934939
935003
935059
935080
935158
935222
935243
935359
935360
935402
935518
935540
935596
935875
935879
935939
935956
935978
935995
936094
936115
936158
936200
936214
936239
936256
936274
936295
936359
936638
936712
936754
936896
936994
937115
937235
937312
937510
937552
937592
937651
937771
938110
938210
938231
938450
938651
938806
938866
939107
939184
939248
939407
939622
939947
940102
940120
940166
940300
940343
940399
940462
940463
940502
940819
940840
940879
940900
941278
941299
941480
941518
941540
941579
941678
941699
941798
941840
941939
942020
942158
942274
942299
942476
942754
942755
942776
942814
942815
942931
943132
943192
943295
943330
943411
943531
943591
943751
943888
944132
944206
944407
944450
944591
944824
944827
944866
944888
944930
945046
945227
945386
945626
945724
945742
945746
945763
946000
946046
946222
946399
946420
946459
946562
946583
946618
946720
946879
946939
946999
947060
947116
947179
947219
947279
947540
947600
947635
947639
947695
947738
947755
947935
948119
948356
948712
948910
949090
949111
949772
950026
950030
950291
950326
950390
950408
950587
950588
950644
950746
950747
950926
951004
951184
951206
951248
951322
951407
951463
951467
951982
951983
952043
952099
952163
952223
952339
952378
952523
952540
952558
952600
952738
952742
952802
952820
952858
952922
953120
953158
953279
953416
953455
953558
953656
954116
954172
954236
954296
954352
954391
954412
954592
954596
954652
954772
954776
954871
955090
955348
955511
955630
955807
956026
956047
956210
956270
956506
956824
956828
956863
956884
956948
957008
957064
957266
957283
957523
957562
957583
957940
958283
958318
958343
958442
958978
959155
959416
959480
959515
959635
959759
959816
959858
959876
960034
960274
960331
960395
960536
960550
960571
960592
960656
960730
960751
960811
960871
961108
961232
961348
961550
961567
961627
961631
961751
961807
961828
962146
962210
962330
962348
962386
962446
962507
962528
962966
963004
963124
963206
963502
963700
963760
963863
964000
964099
964138
964180
964343
964459
964502
964562
964820
964876
964996
965035
965078
965155
965176
965198
965240
965335
965459
965579
965915
966034
966056
966215
966331
966451
966752
966988
967031
967108
967112
967267
967387
967588
967592
967708
967828
967910
968090
968104
968164
968168
968284
968348
968447
968747
968828
969082
969107
969223
969266
969322
969503
969623
969662
969683
969902
969962
970043
970159
970202
970220
970340
970396
970502
970795
970799
971035
971056
971060
971134
971275
971356
971395
971515
971516
971572
971636
971738
971756
971914
971992
971996
972056
972151
972172
972232
972250
972296
972310
972391
972412
972515
972610
972932
972988
973228
973730
973868
973966
973988
974147
974206
974323
974327
974344
974387
974588
974687
974704
974726
974803
974966
975103
975323
975520
975542
975640
975683
975718
975859
976082
976159
976198
976379
976516
976696
976718
976778
976795
976838
976855
976859
977155
977194
977276
977336
977392
977554
977614
977915
978091
978155
978172
978335
978370
978395
978511
978568
978610
978671
978791
978868
978911
978932
979130
979430
979507
979567
979610
979670
979748
979808
979928
980147
980207
980288
980306
980327
980422
980426
980464
980486
980644
980743
980747
980902
980920
981220
981302
981439
981662
981760
981860
981958
981962
982022
982100
982138
982202
982340
982460
982499
982675
982679
982778
982799
982834
982894
982898
983074
983194
983198
983254
983258
983276
983374
983392
983555
983671
983752
983791
983812
984070
984215
984275
984451
984568
985087
985130
985151
985490
985688
985786
985907
985928
985984
986006
986027
986164
986207
986302
986323
986344
986387
986486
986606
986662
986726
987082
987259
987379
987383
987503
987542
987619
987658
987680
987722
987800
987842
987916
987920
988019
988138
988160
988298
988435
988580
988718
988795
988859
989095
989096
989198
989212
989371
989396
989696
989710
989770
989971
990130
990151
990590
990611
990727
990932
990971
991091
991130
991208
991246
991310
991426
991430
991447
991550
991564
991628
991804
992006
992122
992203
992542
992663
992680
992920
993199
993302
993722
993740
993920
994015
994075
994220
994259
994280
994298
994319
994358
994418
994439
994478
994654
994714
994718
994894
994916
995036
995096
995156
995212
995336
995435
995632
995636
995675
995692
995735
996031
996208
996431
996470
996706
996752
996847
996911
997006
997066
997186
997208
997246
997306
997568
997586
997646
997748
997826
997903
998066
998182
998242
998246
998302
998362
998483
998543
998603
998680
998800
999019
999040
999083
999220
999242
999263
999500
999616
999662
999680
999800
999980
